6.73 5.26
5.03 7.37
5.94 7.64
4.87 7.57
7.79 4.89
6.96 7.36
4.85 4.98
4.83 7.91
5.67 7.24
6.13 6.98
5.63 7.82
6.69 6.32
6.65 4.84
5.24 4.11
6.44 4.15
4.47 5.52
6.61 7.91
4.82 4.29
7.44 7.77
6.87 5.55
5.52 7.98
4.87 4.13
6.34 5.99
5.93 5.33
7.93 5.45
6.66 5.77
6.18 6.96
5.99 4.48
6.04 7.7
5.93 7.35
6.74 6.24
7.05 5.93
4.59 7.26
7.55 4.34
4.6 6.99
6.49 7.15
7.19 4.7
6.44 7.29
6.35 4.62
4.16 5.46
7.61 6.3
4.82 7.73
4.55 4.57
4.37 4.98
7.74 7.3
7.46 5.17
5.83 7.23
5.06 7.45
5.86 7.54
4.98 5.76
4.31 6.35
4.52 7.34
6.01 4.77
6.74 5.62
4.59 6.98
5.16 7.91
5.09 4.26
7.24 5.02
6.62 4.07
4.57 7.5
5.45 6.57
5.91 6.22
7.38 4.38
5.13 5.6
7.91 5.46
7.19 6.79
6.6 7.59
7.25 6.18
6.91 4.41
4.36 6.59
4.63 6.01
5.22 7.79
6.13 5.29
6.35 5.67
6.35 7.57
5.32 5.47
6.36 7.13
5.49 5.34
5.68 7.59
4.1 5.85
4.23 5.33
7.77 7.95
5.3 5.75
4.37 5.96
6.38 5.83
4.83 4.33
7.41 6.26
5.46 6
7.42 4.41
6.86 5.2
4.03 7.45
7.77 6.31
4.09 5.74
6.86 4.05
5.44 7.83
5.22 4.71
6.06 6.12
6.14 5.29
7.02 6.25
7.78 6.74
6.93 4.54
4.76 4.11
7.68 6.59
6.85 5.5
6.38 5.91
4.12 7.49
6.75 6.82
5.92 6.61
5.45 7.19
7.14 4.09
5.98 4.65
5.41 4.77
7.81 7.39
7.18 6.71
5.66 7.78
5.33 6.21
4.39 5.5
7.74 5.96
5.04 5.93
4.75 4.15
4.28 6.92
6.18 4.42
5.58 5.99
7.55 7.96
6.73 4.1
7.98 7.56
6.66 7.77
5.01 5.8
7.74 6.35
4.32 6.39
5.02 5.72
4.54 6.76
7.96 5.64
5.81 7.22
6.11 4.53
4.5 5.7
5.2 6.16
4.01 7.51
4.74 7.02
5.71 4.33
4.73 6.12
7.11 4.22
6.13 5.62
6.97 6.36
7.17 7.17
7.64 7.31
7.1 7.93
4.62 4.81
6.88 4.25
7.35 5.19
4.69 6.82
6.96 4.49
6.18 4.57
5.77 5.44
4.46 7.07
5.24 5.71
6.51 7.81
6.9 5.34
5.78 7.52
4.17 7.76
6.29 6.5
5.78 7.22
4.6 4.24
5.8 7.34
6.07 4.12
4.64 4.56
7.66 7.75
5.22 5.88
6.24 5.6
5.8 7.96
7.16 7.75
5.43 7.89
5.13 5.3
6.17 4.51
7.72 4.61
6.96 6.05
6.16 5.58
7.28 7.97
4.76 6.05
6.61 6.9
4.98 5.87
7.58 5.45
4.9 7.25
7.65 4.97
7.87 6.66
4.3 6.33
7.09 5.1
7.06 4.58
5.22 4.41
5.53 5.23
6.63 4.66
6.53 6.91
7.87 4.13
4.73 4.56
5.97 5.08
5.78 4.44
7.32 4.23
7.55 5.42
5.58 7.96
5.46 6.22
6.62 7.19
7.62 7.23
5.02 4.54
7.18 4.14
5.39 5.06
4.46 7.1
5.39 7.94
5.75 7.55
7.53 7.69
4.52 5.42
5.35 4.57
5.1 5.37
6.81 7.23
4.32 5.43
6.66 7.74
4.49 5.74
7.01 4.53
4.29 6.63
5.16 5.53
6.6 4.38
6.4 6.44
7.12 7.92
5.22 6.76
4.08 6.45
6.32 7.89
5.82 5.35
5.13 5.95
5.08 6.92
6.1 7.13
7.77 7.72
6.15 6.64
7.7 6.08
7.35 4.7
6.88 7.93
4.09 6.73
5.28 6.3
6.3 7.3
4.63 5.81
6.69 4.1
5.48 7.19
5.98 4.93
5.62 6.35
5.08 6.57
4.48 7.88
7.46 7.67
4.99 6.3
4.99 7.5
6.59 6.04
4.21 6.45
7.32 7.13
4.31 4.2
6.91 4.25
6.29 5.4
7.79 7.3
5.31 4.14
7.22 5.2
7.33 5.94
7.86 4.78
4.59 6.51
5.3 5.52
4.39 4.23
6.12 4.14
4.41 6.2
4.73 7.98
4.56 7.81
4.82 4.27
7.16 5.22
7.37 5.92
7.25 6.06
6.13 7.69
5.92 6.35
5.65 5.78
7.97 4.41
6.48 6.3
5.19 5.19
7.39 5.84
4.33 6.36
6.79 7.19
5.28 7.44
4.37 6.38
5.64 6.85
6.39 5.74
5.79 5.61
6.24 5.82
5.58 6.66
7.02 5.38
5.58 5.97
4.39 4.21
4.15 4.32
7.74 4.01
4.65 5.1
5.31 5.62
5.72 4.94
7.7 6.79
6.18 5.37
5.12 4.39
4.9 7.48
4.51 5.23
4.25 7.16
6.57 7.89
5.97 4.76
5.8 7.16
7.34 4.04
6.21 7.83
6.86 6.86
5.05 6.5
5.81 5.73
4.98 6.64
5.89 5.72
5.24 4.85
6.43 6.87
7.83 6.02
4.2 6.2
7.06 5.99
4.85 6.99
6.73 5.88
7.42 4.76
7.92 4.95
7.85 5.91
6.33 4.28
7.15 4.47
6.99 4.86
5.63 6.96
5.37 5.46
6.82 6.58
5.51 4.4
4.1 7.52
6.06 6.47
6.87 7.84
5.05 4.28
6.68 4.01
7.91 5.99
6.05 5.54
7.06 5.98
6.14 6.92
4.83 5.38
6.11 6.64
6.08 6.54
7.87 4.58
4.77 4.12
7.37 6.06
7.6 6.99
7.25 4.48
5.19 7.99
7.36 5.95
7.26 5.45
7.66 4.3
5.62 6.05
7.42 6.94
7.08 7.68
7.17 4.04
7.57 5.77
7.08 6.86
5.73 5.31
4.73 4.06
6.52 4.81
7.02 7.84
6.43 6.84
5.54 5.12
6.07 5.67
4.94 6.22
5.99 6.26
7.39 5.17
7.63 7.34
6.84 5.34
7.19 5.68
4.87 4.3
4.27 6.33
7.69 4.09
4.45 5.3
6.8 6.93
5.48 5.57
4.85 7.42
7.42 4.45
5.51 7.08
6.24 4.75
5.07 7.03
6.32 6.59
4.67 4.31
4.92 4.32
6.3 6.03
4.3 6.47
7.55 6.82
4.96 5.47
5.01 6.31
6.19 7.99
6.51 6.18
7.3 7.47
4.43 7.35
5.83 5.6
5.79 4.74
5.57 5.64
5.05 5.65
6.35 7.95
6.79 7.46
4.19 5.03
7.43 4.33
7.71 4.32
4.18 6.03
7.01 4.69
7.47 4.62
6.03 7.91
7.06 5.45
7.91 4.29
4.2 4.75
5.26 5.27
6.92 4.71
7.34 5.45
4.2 7.3
7.26 7.63
6.76 7.38
6.18 5.32
6.46 5.26
7.88 7.12
6.64 5.9
6.38 6.36
5.9 6.59
7.14 5.79
7.24 4.54
6.24 5.73
4.55 4.31
7.17 5.2
5.21 4.87
4.65 6.99
5.17 7.29
4.43 6.17
7.57 7.29
5.15 6.49
6.88 6.03
7.16 5.06
4.3 4.67
5.38 7.78
4.24 6.39
6.14 7.39
7.64 5.35
6.76 6
6.26 7.01
7.28 5.64
6.16 5.68
4.11 5.81
4.58 6.9
5.2 5.31
6.21 6.04
7.31 6.88
5.78 5.17
7.74 5.89
5.75 7.34
7.09 6.81
6.89 5.82
5.37 7.91
7.9 4.58
5.78 4.78
6.31 5.96
5.09 6.75
6.55 5.52
6.48 5.21
6.75 6.39
5.61 7.1
5.2 5.24
7.37 7.38
5.29 7.77
4.83 6.76
7.01 7.57
5.09 6.99
6.67 6.5
6.4 4.39
4.14 5.41
5.1 7.3
7.97 5.06
4.38 5.05
6.15 6.28
7.05 5.93
7.93 6.34
6.24 6.92
5.71 4.24
6.61 7.87
7.65 4.34
6.32 7.56
5.88 6.36
5.27 5.06
7.09 7.34
5.01 5.92
7.46 4.56
7.82 6.04
7.55 7.69
4.75 7.14
5.63 5.07
4.11 5.25
5.8 4.48
5.25 5.85
7.56 7.16
6.92 7.4
5.37 5.24
4.91 4.49
7.69 5.12
6.09 4
6.64 7.49
4.31 7.04
7.9 7.9
7.32 4.37
7.59 4.36
4.8 4.04
4.38 7.5
7.59 5.09
7.74 5.04
5.87 4.23
6.81 7.84
4.85 4.6
4.51 4.42
7.23 7.75
6.88 4.67
7.64 6.98
5.31 6.24
4.72 4.87
5.77 7.32
7.03 6.93
4.55 7.84
6.84 7.86
5.63 7.92
4.69 6.99
4.14 4.81
7.06 7.74
6.14 7.61
5 5.63
6.43 7.43
6.08 4.47
4.5 7.1
7.89 6.32
7.41 5.2
4.45 4.58
4.28 4.9
4.56 6.54
7.88 7.27
5.14 6.71
5.32 6.94
6.93 7.03
5.59 6.79
5.95 7.27
4.89 7.83
5.34 6.4
5.6 4.39
4.43 7.2
6.53 5.4
6.06 6.14
4.04 6.38
5.04 7.45
4.01 7.98
7.52 7.38
7.02 6.06
4.15 7.16
5.85 7.78
7.15 7.36
6.07 4.02
4.77 6.19
5.85 4.04
4.63 5.1
6.54 6.95
7.84 7.41
4.06 5.34
5.86 6.73
5.64 4.89
4.7 5.33
7.99 4.87
7.98 5.74
4 4.46
6.17 4.86
5.57 7.98
7.76 4.44
7.75 7.27
7.48 7.05
5.2 6.11
6.59 5.58
5.9 4.74
6.76 6.57
5.29 4.21
6.59 4.42
6.79 7.82
5.99 5.41
4.63 6.95
7.08 7.23
4.89 7.35
5.2 4.85
4.34 6.06
5.34 4.35
6.16 5
4.09 4.28
4.43 4.94
7.65 6.85
5.56 5.19
5.26 6.22
5.59 6.98
6.92 7.81
4.87 4.17
4.32 4.87
4.65 6.99
7.2 7.67
7.63 6.05
4.67 6.2
5.62 5.92
4.87 7.86
4.61 6.8
7.84 4.44
4.29 7.08
4.15 6.85
7.78 4.37
7.62 6.65
7.52 5.26
5.21 5.14
5.62 4.8
4.31 5.27
4.33 5.9
5.17 5.2
7.84 4.31
6.53 5.57
6.98 4.79
7.53 7.47
6.37 5.99
6.86 6.44
4.83 7.17
6.94 6.34
7.55 6.09
4.69 7.12
5.37 4.46
5.22 7.8
6.65 4.78
7.76 7.53
7.19 4.04
4.83 6.22
4.74 5.55
6.99 4.54
4.05 5.62
6.51 4.12
6.81 6.67
5.34 7.74
4.76 7.28
6.01 7.51
4.73 7.12
7.05 4.06
4.94 7.74
4.53 6.55
4.58 5.63
7.22 7.61
4.81 7.58
7.36 5.31
5.03 4.86
6.68 7.06
4.9 4.94
5.27 5.41
6.76 5.99
4.04 7.34
4.13 6.84
6.54 4.52
6.06 5.9
4.29 4.8
5.67 4.79
5.66 5.69
5.32 7.22
6.06 4.61
6.8 7.45
5.7 4.07
7.77 4.85
5.33 7.76
6.55 7.07
5.5 6.7
5.38 5.46
7.25 4.55
7.54 7.71
4.04 5.02
4.68 5.81
5.06 4.02
7.09 4.26
4.89 5.27
6.24 6.15
5.69 4.84
7.44 6.24
5.21 6.38
5.71 4.33
5.47 7.1
6.52 4.89
6.6 5.45
6.05 6.57
6.77 5
7.97 5.98
5.54 5.65
6.26 4.47
4.22 4.79
6.2 4.56
6.09 7.41
4.4 7.25
5.13 4.09
6.52 6.71
5.63 7.13
7.66 7.01
5.52 6.45
5.64 4.8
5.3 7.18
6.96 6.19
6.91 6.62
5.82 7.7
7.24 5.85
5.45 6.75
4.89 7.06
6.7 7.33
7.87 7.74
7.23 5.04
4.41 5.03
7.3 5.44
4.45 4.22
6.82 7.3
7.7 6.59
6.02 5.38
6.68 6.37
7.81 4.12
4.21 4.04
4.03 5.56
5.44 7.89
5.91 5.06
5.88 4.18
6.1 7.17
6.45 6.78
7.05 7.38
4.72 5.88
4.5 6.03
4.63 6.92
6.4 6.5
6.42 4.04
4.86 7.91
5.97 7.81
5.36 7.34
7.46 7.76
5.4 4.93
6.45 5.78
5.95 4.45
7.96 7.14
5.05 7.07
5.82 6.81
4.27 7.02
6.94 5.53
6.63 5.73
6.69 4.3
7.15 4.93
5.06 7.46
5.19 7.15
5.15 5.46
4.86 6.67
5.86 5.29
4.54 5.65
4.85 4.42
6.78 6.25
7.48 6.05
5 4.61
4.16 5.26
4.67 5.4
7.48 5.75
4.92 6.78
4.44 5.01
6.19 5.84
6.31 6.99
4.58 4.38
7.13 4.66
6.06 5.9
7.87 7
6.81 4.85
7.47 4.38
7.01 6.88
4.39 5.76
7.48 4.03
4.35 4.91
6.08 4.27
4.73 5.44
7.18 5.5
7.81 7.1
6.33 7.54
4.05 7.48
6.78 6.82
6.73 5.64
7.26 5.74
7.46 6.14
4.16 7.81
6.9 7.11
7.67 6.46
7.66 7.62
6.03 4.71
4.06 5.36
4.71 6.13
5.06 6.67
7.67 6.56
6.79 4.17
7.15 4.67
7.45 4.34
5.19 5.54
6.59 4.71
7.82 6.72
5.13 4.44
6.42 5.46
6.47 6.57
4.94 5.23
7.65 4.26
4.11 4.3
4.52 6.69
7.52 4.47
5.99 5.33
7.9 5.66
4.88 5.94
6.68 5.16
4.25 5.67
7.74 6.3
7.88 6.47
5.66 7.68
4.4 4.87
5.01 5.44
5.5 6.09
6.64 6.04
6.34 7.7
5.21 6.47
6.52 6.69
7.2 7.06
7.54 7.93
7.37 5.85
5.54 5.53
7.97 6.42
5.67 4.6
7.08 4.24
6.05 4.59
4.45 4.66
7.95 5.92
7.49 7.32
4.62 7.05
6.98 6.17
5.3 6.37
6.84 6.24
5.86 7.05
7.98 7.85
6.14 6.99
4.58 6.4
7.61 5.79
4.96 7.91
7.21 6.18
6.33 5.84
4.94 5.04
5.53 4.79
4.83 5.11
4.87 5.76
6.06 6.51
6.13 5.98
5.24 5.12
5.21 6.72
7.66 7.03
4.77 4.14
4.96 7.69
5.96 6.64
7.08 7.14
5.09 4.53
7.02 4.5
6.85 4.49
6.62 4.31
7.8 7.66
5.7 4.84
6.79 4.11
4.91 7.98
4.02 7.37
5.51 6.44
5.49 5.23
7.73 6.92
6.41 7.94
7.5 6.73
6.92 4.57
4.15 6.42
5.63 4.56
5.42 7.78
7.8 6.53
4.06 7.88
6.84 4.62
5.9 5.06
5.61 5.42
4.73 7.38
4.79 5.03
7.02 4.9
6.05 6.89
6.71 5.54
5.9 5.15
6.2 4.67
4.52 4.4
6.89 6.18
6.99 7.02
7.54 7.12
6.67 6.31
6.2 7.54
6.36 5.09
6.18 7.8
5.83 6.27
7.25 6.92
6.86 6.53
6.57 4.38
6.36 4.62
4.95 4.51
4.06 4.32
7.48 4.45
6.12 7.82
5.45 4.55
5.14 7.25
5.15 7.16
4.3 4.52
7.69 6.69
4.53 4.62
5.38 7.29
8 6.33
4.42 6.05
7.86 7.63
4.36 5.35
7.93 4.17
7.16 6.79
6.68 7.49
4.63 6.82
7.23 6.8
7.35 4.5
5.75 6.05
7.6 5.19
5.38 7.13
6.54 5.75
7.29 6.7
6.29 7.4
7.69 7.35
6.21 5.45
4.38 7.19
6.69 4.58
5.92 6.7
5.36 7.18
8 6.57
5.37 5.22
5.13 4.84
5.06 5.19
7.28 6.28
4.8 7.86
5.38 4.71
5.3 7.28
7.81 5.87
7.42 7.46
5.76 4.74
4.46 5.32
7.26 7.3
5.76 7.98
7.82 5.68
7.54 6.13
5.27 5.46
7.79 5.77
5.17 4.04
6.35 5.97
6.61 4.02
6.33 4.59
6.73 5.99
4.35 6.04
5.82 7.26
6.76 4.72
7.97 4
4.42 4.55
7.11 5.48
5.37 4.83
5.46 5.67
4.7 5.44
7.59 6.51
7.91 4.61
6.4 5.34
7.39 4.33
5.66 6.11
6.2 6.48
7.54 6.34
7.84 4.4
6.99 7.07
6.55 4.52
6.8 4.04
7.55 6.2
6.89 4.54
4.77 5.42
4.74 7.11
7.75 6.72
7.13 4.67
4.2 5.82
6.07 4.71
4.22 7.88
4.91 5.81
5.2 6.13
6.77 7
7.4 7.21
6.02 4.49
6.85 4.13
7.56 7.15
4.75 6.32
4.51 7.91
7.1 4.89
7.8 5.15
4.23 5.77
6.67 5.45
7.72 4.38
6.75 4.14
5.09 7.33
6.97 6.5
7.01 4.24
5.92 4.75
5.09 4.35
7.08 4.74
6.78 4.47
5.49 6.3
5.59 4.95
6.05 5.57
7.25 6.09
5.41 5.18
4.51 5.88
4.56 6.55
5.37 4.82
5.18 5.82
5 5.89
4.4 5.48
7.29 6.06
7 7.38
7.15 4.85
7.82 7.66
7.46 6.53
5.37 7.84
5.95 5.5
6.53 5.53
7.74 5.01
4.75 7.63
4.37 6.15
5.22 5.42
6.84 4.28
4.56 7.09
5.97 4.3
5.72 6.78
6.22 6.25
4.6 4.34
4.81 6.29
7.08 5.37
7.79 4.22
4.38 5.35
5.79 6.23
4.95 6.62
6.51 7.29
6.56 6.99
6.26 7.75
5.44 4.04
5.47 6.08
4.4 4.77
5.84 4.12
5.84 6.55
5.78 6.4
5.38 7.39
5.55 6.17
5.5 7.06
4.18 7.89
4.68 5.2
5.48 7.35
4.36 5.34
7.99 5.13
4.48 5.04
5.84 7.14
6.06 7.67
7.76 4.76
4.19 7.37
4.66 5.38
6.53 6.73
6.82 4.42
4.93 4.74
7.61 7.1
7.35 4.19
7.05 5.64
4.64 4.73
7.91 5.51
7.33 6.79
7.36 4.84
4.56 7.35
5.71 7.48
6.66 7.53
7.06 7.86
4.83 6.23
7.99 4.28
5.98 7.97
4.22 5.36
4.78 7.26
6.08 5.3
5.2 7.99
7.75 4.87
4.45 7.67
7.45 4.72
5.83 7.73
5.4 6.73
7.26 6.63
4.53 6.62
5.02 7.97
4.49 5.52
4.05 6.66
4.16 6.35
4.56 6.73
4.31 7.73
7.26 7.31
5.42 6.55
7.26 4.34
6.07 5.73
5.56 5.16
7.16 4.78
5.5 7.07
7.19 6.95
4.38 6.46
4.52 4.9
4.69 4.7
5.47 7
5.89 4.97
7.09 7.24
5.47 6.99
5.56 5.26
6.76 7.27
4.52 7.59
7.02 4.71
7.16 5.05
6.71 5.16
7.44 4.42
4.73 5.32
5.2 5.09
5.64 5.56
6.12 4.68
6.06 6.19
7.36 7.39
4.48 7.11
4.16 4.02
4.87 4.71
6.8 4.35
7.68 4.61
4.01 6.56
4.29 5.7
4.44 6.76
4.8 4.03
4.77 6.87
6.98 6.92
4.11 4.49
4.29 7.42
4.17 7.44
7.47 5.01
5.88 5.43
5.15 7.28
6.53 4.02
5.6 7.61
4.86 5.44
7.21 6.44
6.95 4.86
5.59 7.06
5.62 6.58
4.37 6.25
5.14 7.21
6.37 7.29
4.78 7.25
6.22 5.01
6.92 6.39
5.97 4.06
7.43 5.34
7.89 7.79
4.79 6.75
5.05 6
4.08 4.46
6.97 6.05
7.85 5.86
5.94 6.67
7.31 4.93
4.86 5.64
5.87 6.26
7.87 7.06
5.74 5.12
6.59 6.22
6.18 7.48
4.41 4.51
4.75 6.51
6.47 7.88
6.91 5.64
5.34 4.13
5.62 7.7
4.65 7.49
4.94 5.44
6.15 6.09
7.86 4.59
5.52 4.48
6.62 5.47
6.7 6.35
5.69 5.35
7.42 5.5
6.34 7.26
4.42 6.31
5.61 5.26
4.94 4.97
4.61 4.25
6.98 5.01
4.47 4.17
5.71 6.59
6.34 6.79
7.61 5.61
5.88 7.9
4.09 7.28
7.85 6.71
6.18 6.57
4.61 7.63
4.28 7.71
7.8 4.62
6.43 7.84
6.29 5.98
4.35 5.39
7.22 5.14
4.14 5.05
7.08 5.26
4.96 7.18
5.89 4.48
4.24 7.25
7.12 5.84
5.87 6.8
7.15 6.98
4.51 7.87
7.97 7.28
7.57 7.58
7.83 6.17
7.21 4.42
6.96 4.77
4.54 5.61
7.5 7.15
7.23 4.29
7.65 7.3
7.97 5.9
6.09 5.23
6.27 4.66
7.65 6.34
5.93 5.04
5.47 5.64
6.12 7.45
4.19 5.04
6.42 6.27
7.28 4.62
4.44 7.16
4.97 4.88
6.95 5.86
4.58 4.46
7.66 7.12
5 7.84
6.98 4.21
4.84 5.54
4.96 4.92
7.27 4.93
4.68 5.73
6.51 7.84
4.05 4.98
7.77 4.35
7.03 6.76
5.89 4.78
5.58 7.82
9.22 7.48
8.92 7.59
9.53 9.58
9.85 9.66
9.66 8.9
9.46 9.68
9.99 7.95
9.69 7.6
9.9 7.98
8.81 8.41
8.72 7
9.89 8.08
8.56 8.3
9.78 7.03
8.32 7.02
9.88 7.95
8.93 8.18
8.55 9.42
9.03 7.28
9.4 9.1
8.13 8.23
9.66 7.97
8.66 7.41
9.02 8.62
8.81 8.95
9.21 9.41
9.33 8.62
9.94 8.14
8.45 9.56
8.44 8.32
8.44 7.7
9.44 8.97
8.81 7.51
8.21 7.47
8.27 8.77
8.51 9.19
8.82 8.51
9.94 8.88
9.97 8.03
9.51 7.57
8.68 7.18
9.54 7.52
9 8.18
8.39 9.77
9.31 9.84
9.2 7.79
8.06 8.95
9.57 8.07
9.32 7.65
9.9 9.82
10 9.35
9.6 9.39
9.31 8.8
9.09 9.71
8.97 9.71
8.66 8.95
9.79 8.01
8.99 7.25
8.9 8.85
9.27 9.75
8.93 7.71
8.78 7.82
8.57 8.4
8.33 9.21
9.2 7.36
8.02 8.87
8.93 8.61
8.62 7.68
9.43 7.13
9.96 9.97
9.59 9.26
8.07 7.15
9.25 9.56
9.91 8.01
8.6 7.12
8.48 8.88
9.33 7.64
9.24 7.24
8.32 9.91
8.57 9.92
9.65 8.72
8.62 9.05
9.67 9.96
8.5 8.58
8.43 8.04
9.02 9.34
8.25 9.82
8.65 7.89
8.61 7.05
9.43 9.95
9.17 8.05
8.34 8.95
9.38 7.35
9.85 9.37
9.02 8.46
8.48 8.44
8.03 7.45
9.01 7.76
8.77 9.23
8.69 7.38
8.52 8.35
9.47 7.44
8.21 9.9
9.11 8
9.83 9.41
9.12 7.18
9.37 9.8
8.98 9.94
8.19 7.7
9.29 8.8
8.72 8.9
9.08 7.26
9.92 8.56
8.39 7.06
9.46 7.28
8.05 8.71
8.48 7.29
8.88 8.98
8.19 8.36
9.61 7.43
8.19 9.05
8.02 8.17
8.74 8.33
10 8.78
8.99 7.37
8.17 9.51
9.94 8
8.26 9.07
8.24 8.32
9.67 8.01
9.02 8.14
9.01 9.85
8.65 7.21
8.21 7.33
9.98 7.31
9.7 9.97
9.73 8.52
8.84 9.3
8.36 8.09
8.46 7.08
8.38 8.81
8.67 9.57
8.97 9.46
9.31 7.7
8.2 7.2
9.7 9.16
9.78 7.41
8.1 7.56
9.94 9.35
9.74 9.05
8.8 7.29
9.62 8.48
9.53 7.4
9.49 9.47
8.38 9.2
8.9 7.81
8.08 9.09
9.73 8.32
8.79 8.86
8.55 9.87
8.96 7.12
8.12 8.49
9.84 7.17
9.09 7.8
8.29 9.18
9.76 8.04
9.8 9.71
9.45 7.3
9.68 7.3
8.06 7.51
9.11 9.79
9.74 7.32
8.87 8.22
9.63 9.54
8.52 8.48
8 9.89
8.92 9.52
9.63 8.58
9.41 8.16
8.51 8.71
8.83 8.81
9.22 7.71
9.71 8.84
9.02 9.45
9.37 7.98
8.83 9.21
8.28 7.58
8.76 9.06
9.68 9.48
9.24 8.13
9.85 8.7
9.91 7.37
8.82 9.85
8.66 9.63
9.38 8.27
9.97 7.85
9.61 7.17
9.71 8.4
9.64 9.23
8.73 7.59
9.08 7.53
9.2 8.97
9.64 7.38
8.26 8.14
9.92 9.77
8.62 7.05
8.24 8.34
9.93 9.08
8.36 7.03
8.6 9.17
8.76 8.94
9.07 9.86
9.67 9.8
10 7.01
8.16 8.4
9.44 8.3
8.63 9.54
9.92 9.63
9.37 8.36
9.26 7.1
8.56 7.21
9.13 9.61
8.55 8.11
9.1 8.89
9.01 8.51
9.03 9.66
9.76 8.19
9.91 7.28
8.48 7.78
9.88 8.02
8.37 9.46
8.1 8.77
9.17 7.9
8.01 9.76
8.4 9.58
9.55 8.85
9.3 9.38
8.41 8.75
9.46 9.43
8.29 9.13
8.56 7.55
9.89 8.46
9.55 9.58
9.6 9.14
9.67 7.77
9.75 8.28
9.93 9.5
9.04 8.03
8.44 9.38
8.68 8.75
